{
 "cells": [
  {
   "cell_type": "code",
   "execution_count": 29,
   "metadata": {},
   "outputs": [
    {
     "data": {
      "text/plain": [
       "[array([[-1.73054794, -1.72754091, -1.72453388, ...,  1.72453388,\n",
       "          1.72754091,  1.73054794],\n",
       "        [-1.73054794, -1.72754091, -1.72453388, ...,  1.72453388,\n",
       "          1.72754091,  1.73054794],\n",
       "        [-1.73054794, -1.72754091, -1.72453388, ...,  1.72453388,\n",
       "          1.72754091,  1.73054794],\n",
       "        ...,\n",
       "        [-1.73054794, -1.72754091, -1.72453388, ...,  1.72453388,\n",
       "          1.72754091,  1.73054794],\n",
       "        [-1.73054794, -1.72754091, -1.72453388, ...,  1.72453388,\n",
       "          1.72754091,  1.73054794],\n",
       "        [-1.73054794, -1.72754091, -1.72453388, ...,  1.72453388,\n",
       "          1.72754091,  1.73054794]]),\n",
       " array([[ 1.73054794,  1.73054794,  1.73054794, ...,  1.73054794,\n",
       "          1.73054794,  1.73054794],\n",
       "        [ 1.72754091,  1.72754091,  1.72754091, ...,  1.72754091,\n",
       "          1.72754091,  1.72754091],\n",
       "        [ 1.72453388,  1.72453388,  1.72453388, ...,  1.72453388,\n",
       "          1.72453388,  1.72453388],\n",
       "        ...,\n",
       "        [-1.72453388, -1.72453388, -1.72453388, ..., -1.72453388,\n",
       "         -1.72453388, -1.72453388],\n",
       "        [-1.72754091, -1.72754091, -1.72754091, ..., -1.72754091,\n",
       "         -1.72754091, -1.72754091],\n",
       "        [-1.73054794, -1.73054794, -1.73054794, ..., -1.73054794,\n",
       "         -1.73054794, -1.73054794]]),\n",
       " array([[2.27411089, 2.26980314, 2.26549914, ..., 2.26549914, 2.26980314,\n",
       "         2.27411089],\n",
       "        [2.26980314, 2.26549164, 2.26118389, ..., 2.26118389, 2.26549164,\n",
       "         2.26980314],\n",
       "        [2.26549914, 2.26118389, 2.25687239, ..., 2.25687239, 2.26118389,\n",
       "         2.26549914],\n",
       "        ...,\n",
       "        [2.26549914, 2.26118389, 2.25687239, ..., 2.25687239, 2.26118389,\n",
       "         2.26549914],\n",
       "        [2.26980314, 2.26549164, 2.26118389, ..., 2.26118389, 2.26549164,\n",
       "         2.26980314],\n",
       "        [2.27411089, 2.26980314, 2.26549914, ..., 2.26549914, 2.26980314,\n",
       "         2.27411089]]),\n",
       " array([[ 1.3055611 ,  1.30604293,  1.30652559, ..., -1.30652559,\n",
       "         -1.30604293, -1.3055611 ],\n",
       "        [ 1.30507928,  1.3055611 ,  1.30604377, ..., -1.30604377,\n",
       "         -1.3055611 , -1.30507928],\n",
       "        [ 1.30459662,  1.30507844,  1.3055611 , ..., -1.3055611 ,\n",
       "         -1.30507844, -1.30459662],\n",
       "        ...,\n",
       "        [ 0.43615152,  0.4356697 ,  0.43518703, ..., -0.43518703,\n",
       "         -0.4356697 , -0.43615152],\n",
       "        [ 0.43566886,  0.43518703,  0.43470437, ..., -0.43470437,\n",
       "         -0.43518703, -0.43566886],\n",
       "        [ 0.43518703,  0.43470521,  0.43422255, ..., -0.43422255,\n",
       "         -0.43470521, -0.43518703]])]"
      ]
     },
     "execution_count": 29,
     "metadata": {},
     "output_type": "execute_result"
    }
   ],
   "source": [
    "import numpy as np\n",
    "import matplotlib.pyplot as plt\n",
    "\n",
    "def ret_normalize(x):\n",
    "\t\treturn (x - np.mean(x)) / (np.std(x))\n",
    "\n",
    "def ret_x_y_range():\n",
    "\t\tshape = (1152, 1152)\n",
    "\n",
    "\t\tx = np.linspace(-100, 100, shape[1])\n",
    "\t\ty = np.linspace(100, -100, shape[1])\n",
    "\n",
    "\t\tX, Y = np.meshgrid(x, y)\n",
    "\n",
    "\t\tran = np.sqrt(X**2 + Y**2)\n",
    "\t\tang = np.arctan2(X, Y) % (2*np.pi)\n",
    "\n",
    "\t\treturn list(map(ret_normalize, (X, Y, ran, ang)))\n",
    "\n",
    "ret_x_y_range()"
   ]
  },
  {
   "cell_type": "code",
   "execution_count": 16,
   "metadata": {},
   "outputs": [
    {
     "ename": "NameError",
     "evalue": "name 'ang' is not defined",
     "output_type": "error",
     "traceback": [
      "\u001b[0;31m---------------------------------------------------------------------------\u001b[0m",
      "\u001b[0;31mNameError\u001b[0m                                 Traceback (most recent call last)",
      "\u001b[0;32m/tmp/ipykernel_46044/303496527.py\u001b[0m in \u001b[0;36m<module>\u001b[0;34m\u001b[0m\n\u001b[0;32m----> 1\u001b[0;31m \u001b[0mang\u001b[0m\u001b[0;34m.\u001b[0m\u001b[0mmax\u001b[0m\u001b[0;34m(\u001b[0m\u001b[0;34m)\u001b[0m\u001b[0;34m\u001b[0m\u001b[0;34m\u001b[0m\u001b[0m\n\u001b[0m",
      "\u001b[0;31mNameError\u001b[0m: name 'ang' is not defined"
     ]
    }
   ],
   "source": [
    "ang.max()"
   ]
  },
  {
   "cell_type": "code",
   "execution_count": 2,
   "metadata": {},
   "outputs": [
    {
     "ename": "TypeError",
     "evalue": "ret_x_y_range() missing 1 required positional argument: 'self'",
     "output_type": "error",
     "traceback": [
      "\u001b[0;31m---------------------------------------------------------------------------\u001b[0m",
      "\u001b[0;31mTypeError\u001b[0m                                 Traceback (most recent call last)",
      "\u001b[0;32m/tmp/ipykernel_46044/1131925970.py\u001b[0m in \u001b[0;36m<module>\u001b[0;34m\u001b[0m\n\u001b[0;32m----> 1\u001b[0;31m \u001b[0mret_x_y_range\u001b[0m\u001b[0;34m(\u001b[0m\u001b[0;34m)\u001b[0m\u001b[0;34m\u001b[0m\u001b[0;34m\u001b[0m\u001b[0m\n\u001b[0m",
      "\u001b[0;31mTypeError\u001b[0m: ret_x_y_range() missing 1 required positional argument: 'self'"
     ]
    }
   ],
   "source": []
  }
 ],
 "metadata": {
  "interpreter": {
   "hash": "3267828677f0e33a1b93529f8afe3975fabbef2c817a3faecfabdb2d5ee63d2f"
  },
  "kernelspec": {
   "display_name": "Python 3.7.11 ('centernet-uda')",
   "language": "python",
   "name": "python3"
  },
  "language_info": {
   "codemirror_mode": {
    "name": "ipython",
    "version": 3
   },
   "file_extension": ".py",
   "mimetype": "text/x-python",
   "name": "python",
   "nbconvert_exporter": "python",
   "pygments_lexer": "ipython3",
   "version": "3.7.11"
  },
  "orig_nbformat": 4
 },
 "nbformat": 4,
 "nbformat_minor": 2
}
